0.0000
0.2500
0.5000
0.7500
1.0000
1.2500
1.5000
1.7500
2.0000
2.2500
2.5000
2.7382
2.9563
3.1546
3.3349
3.4988
3.6477
3.7832
3.9063
4.0182
4.1200
4.2125
4.2966
4.3730
4.4425
4.5057
4.5631
4.6153
4.6628
4.7060
4.7452
4.7809
4.8133
4.8428
4.8696
4.8939
4.9161
4.9362
4.9545
4.9711
4.9862
5.0000
5.0125
5.0250
5.0375
5.0500
5.0625
5.0750
5.0875
5.1000
5.1125
5.1250
5.1375
5.1500
5.1625
5.1750
5.1875
5.2000
5.2125
5.2250
5.2375
5.2500
5.2625
5.2750
5.2875
5.3000
5.3125
5.3250
5.3375
5.3500
5.3625
5.3750
5.3875
5.4000
5.4125
5.4250
5.4375
5.4500
5.4625
5.4750
5.4875
5.5000
5.5125
5.5250
5.5375
5.5500
5.5625
5.5750
5.5875
5.6000
5.6125
5.6250
5.6375
5.6500
5.6625
5.6750
5.6875
5.7000
5.7125
5.7250
5.7375
5.7500
5.7625
5.7750
5.7875
5.8000
5.8125
5.8250
5.8375
5.8500
5.8625
5.8750
5.8875
5.9000
5.9125
5.9250
5.9375
5.9500
5.9625
5.9750
5.9875
6.0000
6.0125
6.0250
6.0375
6.0500
6.0625
6.0750
6.0875
6.1000
6.1125
6.1250
6.1375
6.1500
6.1625
6.1750
6.1875
6.2000
6.2125
6.2250
6.2375
6.2500
6.2625
6.2750
6.2875
6.3000
6.3125
6.3250
6.3375
6.3500
6.3625
6.3750
6.3875
6.4000
6.4125
6.4250
6.4375
6.4500
6.4625
6.4750
6.4875
6.5000
6.5125
6.5250
6.5375
6.5500
6.5625
6.5750
6.5875
6.6000
6.6125
6.6250
6.6375
6.6500
6.6625
6.6750
6.6875
6.7000
6.7125
6.7250
6.7375
6.7500
6.7625
6.7750
6.7875
6.8000
6.8125
6.8250
6.8375
6.8500
6.8625
6.8750
6.8875
6.9000
6.9125
6.9250
6.9375
6.9500
6.9625
6.9750
6.9875
7.0000
7.0137
7.0289
7.0455
7.0638
7.0839
7.1061
7.1304
7.1572
7.1867
7.2191
7.2548
7.2940
7.3372
7.3847
7.4369
7.4943
7.5575
7.6270
7.7034
7.7875
7.8800
7.9818
8.0937
8.2168
8.3523
8.5012
8.6651
8.8454
9.0437
9.2618
9.5000
9.7500
10.0000
10.2500
10.5000
10.7500
11.0000
11.2500
11.5000
11.7500
12.0000







